-2.000000000000000000e+02 1.248380078231818265e-04
-1.920000000000000000e+02 1.679368438573755368e-04
-1.840000000000000000e+02 1.456443424603787976e-04
-1.760000000000000000e+02 1.887431784945725079e-04
-1.680000000000000000e+02 1.694230106171753321e-04
-1.600000000000000000e+02 1.991463458131709934e-04
-1.520000000000000000e+02 2.273835142493668866e-04
-1.440000000000000000e+02 2.675100167639610335e-04
-1.360000000000000000e+02 3.566800223519480447e-04
-1.280000000000000000e+02 3.760001902293452747e-04
-1.200000000000000000e+02 4.443638611801353148e-04
-1.120000000000000000e+02 5.558263681651190924e-04
-1.040000000000000000e+02 6.286485393953084640e-04
-9.600000000000000000e+01 7.817237156546861295e-04
-8.800000000000000000e+01 9.630360603502597424e-04
-8.000000000000000000e+01 1.185961074320227406e-03
-7.200000000000000000e+01 1.437123256726390800e-03
-6.400000000000000000e+01 1.890404118465324832e-03
-5.600000000000000000e+01 2.559179160375227389e-03
-4.800000000000000000e+01 3.412238880500303041e-03
-4.000000000000000000e+01 4.372302607330963084e-03
-3.200000000000000000e+01 5.733631359307564922e-03
-2.400000000000000000e+01 7.469474134753712781e-03
-1.600000000000000000e+01 9.174107408244064343e-03
-8.000000000000000000e+00 1.085198968005801970e-02
0.000000000000000000e+00 1.190865424627566595e-02
8.000000000000000000e+00 1.194729458203046095e-02
1.600000000000000000e+01 1.040613965211808524e-02
2.400000000000000000e+01 8.439941028902971445e-03
3.200000000000000000e+01 6.348904397864675933e-03
4.000000000000000000e+01 4.610089288898928592e-03
4.800000000000000000e+01 3.342389042789713476e-03
5.600000000000000000e+01 2.377866815679653776e-03
6.400000000000000000e+01 1.775969277960741518e-03
7.200000000000000000e+01 1.532237929353576830e-03
8.000000000000000000e+01 1.145834571805633096e-03
8.800000000000000000e+01 1.029913564541250041e-03
9.600000000000000000e+01 8.946723893994697023e-04
1.040000000000000000e+02 8.129332176104816675e-04
1.120000000000000000e+02 6.895813765470995820e-04
1.200000000000000000e+02 6.108145382777110293e-04
1.280000000000000000e+02 5.439370340867208387e-04
1.360000000000000000e+02 4.726010296163312080e-04
1.440000000000000000e+02 4.726010296163312080e-04
1.520000000000000000e+02 3.864033575479437332e-04
1.600000000000000000e+02 3.626246893911472258e-04
1.680000000000000000e+02 3.329013541951515373e-04
1.760000000000000000e+02 3.477630217931493815e-04
1.840000000000000000e+02 2.749408505629599556e-04
1.920000000000000000e+02 2.496760156463636530e-04
