-2.000000000000000000e+02 2.223922563949437634e-04
-1.920000000000000000e+02 2.286130188115855508e-04
-1.840000000000000000e+02 2.503856872698318066e-04
-1.760000000000000000e+02 3.110381208320892065e-04
-1.680000000000000000e+02 3.576938389569025577e-04
-1.600000000000000000e+02 3.530282671444212443e-04
-1.520000000000000000e+02 4.478948939982084205e-04
-1.440000000000000000e+02 5.334303772270329157e-04
-1.360000000000000000e+02 5.785309047476859014e-04
-1.280000000000000000e+02 7.402707275803722649e-04
-1.200000000000000000e+02 8.802378819548124268e-04
-1.120000000000000000e+02 1.034201751766696421e-03
-1.040000000000000000e+02 1.150841047078729907e-03
-9.600000000000000000e+01 1.547414651139643717e-03
-8.800000000000000000e+01 1.796245147805314996e-03
-8.000000000000000000e+01 2.085510600179158163e-03
-7.200000000000000000e+01 2.570730068677216928e-03
-6.400000000000000000e+01 3.062170299591918023e-03
-5.600000000000000000e+01 3.654697919777048082e-03
-4.800000000000000000e+01 4.331205832586841782e-03
-4.000000000000000000e+01 4.912847118542848848e-03
-3.200000000000000000e+01 5.450943067582363077e-03
-2.400000000000000000e+01 5.912834677018015059e-03
-1.600000000000000000e+01 6.091681596496466636e-03
-8.000000000000000000e+00 6.212986463620981219e-03
0.000000000000000000e+00 5.962600776351149358e-03
8.000000000000000000e+00 5.771312332039414857e-03
1.600000000000000000e+01 5.486712451478053219e-03
2.400000000000000000e+01 5.276761719916392597e-03
3.200000000000000000e+01 4.976609933313427304e-03
4.000000000000000000e+01 4.724669055439435078e-03
4.800000000000000000e+01 4.376306360107494985e-03
5.600000000000000000e+01 3.954849706380014242e-03
6.400000000000000000e+01 3.536503433860853796e-03
7.200000000000000000e+01 3.241017219070369167e-03
8.000000000000000000e+01 2.993741913008858471e-03
8.800000000000000000e+01 2.581616402906340355e-03
9.600000000000000000e+01 2.328120334428187329e-03
1.040000000000000000e+02 2.199039514282870485e-03
1.120000000000000000e+02 1.884891012242460384e-03
1.200000000000000000e+02 1.704488902159848659e-03
1.280000000000000000e+02 1.499203742410669784e-03
1.360000000000000000e+02 1.432330546431770596e-03
1.440000000000000000e+02 1.174168906141136691e-03
1.520000000000000000e+02 1.129068378620483705e-03
1.600000000000000000e+02 9.377799343087488788e-04
1.680000000000000000e+02 8.942345973922563671e-04
1.760000000000000000e+02 8.009231611426296648e-04
1.840000000000000000e+02 7.604882054344581010e-04
1.920000000000000000e+02 6.547352443515477155e-04
