-2.000000000000000000e+02 1.145414816381194018e-04
-1.920000000000000000e+02 1.321632480439839273e-04
-1.840000000000000000e+02 1.424426117807382406e-04
-1.760000000000000000e+02 1.527219755174925267e-04
-1.680000000000000000e+02 2.041187942012640661e-04
-1.600000000000000000e+02 2.055872747350861031e-04
-1.520000000000000000e+02 2.511101712835694401e-04
-1.440000000000000000e+02 3.039754705011630436e-04
-1.360000000000000000e+02 3.230657174408496060e-04
-1.280000000000000000e+02 3.832734193275533674e-04
-1.200000000000000000e+02 3.803364582599092934e-04
-1.120000000000000000e+02 4.713822513568760217e-04
-1.040000000000000000e+02 5.917976551302835987e-04
-9.600000000000000000e+01 6.843119287610723370e-04
-8.800000000000000000e+01 8.531871901506073250e-04
-8.000000000000000000e+01 1.017657009938676338e-03
-7.200000000000000000e+01 1.220307323606118367e-03
-6.400000000000000000e+01 1.750428796315876140e-03
-5.600000000000000000e+01 2.199783839665421254e-03
-4.800000000000000000e+01 2.829761988675078086e-03
-4.000000000000000000e+01 3.825391790606423679e-03
-3.200000000000000000e+01 4.768156293320175397e-03
-2.400000000000000000e+01 6.417259932802330848e-03
-1.600000000000000000e+01 8.608232889264820151e-03
-8.000000000000000000e+00 1.033810295810718739e-02
0.000000000000000000e+00 1.171700617936608652e-02
8.000000000000000000e+00 1.267445548741805844e-02
1.600000000000000000e+01 1.175224971217781605e-02
2.400000000000000000e+01 9.824134771269471891e-03
3.200000000000000000e+01 7.706585841498084927e-03
4.000000000000000000e+01 5.803435069664716721e-03
4.800000000000000000e+01 3.942870233312187507e-03
5.600000000000000000e+01 2.878221846291205768e-03
6.400000000000000000e+01 2.035314019877352675e-03
7.200000000000000000e+01 1.428831559408848435e-03
8.000000000000000000e+01 1.132198491576795604e-03
8.800000000000000000e+01 9.471699443152181274e-04
9.600000000000000000e+01 8.032588520006579040e-04
1.040000000000000000e+02 5.917976551302835987e-04
1.120000000000000000e+02 5.638965249876648142e-04
1.200000000000000000e+02 4.478865628157233211e-04
1.280000000000000000e+02 3.979582246657738459e-04
1.360000000000000000e+02 4.405441601466131090e-04
1.440000000000000000e+02 3.230657174408496060e-04
1.520000000000000000e+02 3.025069899673409795e-04
1.600000000000000000e+02 2.628580155541457904e-04
1.680000000000000000e+02 2.511101712835694401e-04
1.760000000000000000e+02 2.276144827424167667e-04
1.840000000000000000e+02 1.835600667277554666e-04
1.920000000000000000e+02 1.923709499306877158e-04
