-2.000000000000000000e+02 2.577319587628865930e-03
-1.920000000000000000e+02 2.313730084348640872e-03
-1.840000000000000000e+02 2.196579194001874614e-03
-1.760000000000000000e+02 2.313730084348640872e-03
-1.680000000000000000e+02 2.401593252108715892e-03
-1.600000000000000000e+02 2.723758200562324296e-03
-1.520000000000000000e+02 3.075210871602624373e-03
-1.440000000000000000e+02 2.606607310215557603e-03
-1.360000000000000000e+02 2.343017806935332546e-03
-1.280000000000000000e+02 2.489456419868790911e-03
-1.200000000000000000e+02 2.255154639175257526e-03
-1.120000000000000000e+02 2.313730084348640872e-03
-1.040000000000000000e+02 2.401593252108715892e-03
-9.600000000000000000e+01 2.284442361761949199e-03
-8.800000000000000000e+01 2.548031865042174257e-03
-8.000000000000000000e+01 2.401593252108715892e-03
-7.200000000000000000e+01 2.518744142455482584e-03
-6.400000000000000000e+01 2.665182755388940949e-03
-5.600000000000000000e+01 2.460168697282099238e-03
-4.800000000000000000e+01 2.723758200562324296e-03
-4.000000000000000000e+01 2.606607310215557603e-03
-3.200000000000000000e+01 2.606607310215557603e-03
-2.400000000000000000e+01 2.548031865042174257e-03
-1.600000000000000000e+01 2.401593252108715892e-03
-8.000000000000000000e+00 2.430880974695407565e-03
0.000000000000000000e+00 2.518744142455482584e-03
8.000000000000000000e+00 3.133786316776007285e-03
1.600000000000000000e+01 2.665182755388940949e-03
2.400000000000000000e+01 2.753045923149015969e-03
3.200000000000000000e+01 2.899484536082474334e-03
4.000000000000000000e+01 2.665182755388940949e-03
4.800000000000000000e+01 2.284442361761949199e-03
5.600000000000000000e+01 2.489456419868790911e-03
6.400000000000000000e+01 2.196579194001874614e-03
7.200000000000000000e+01 2.518744142455482584e-03
8.000000000000000000e+01 2.430880974695407565e-03
8.800000000000000000e+01 2.548031865042174257e-03
9.600000000000000000e+01 2.518744142455482584e-03
1.040000000000000000e+02 2.079428303655107921e-03
1.120000000000000000e+02 2.372305529522024219e-03
1.200000000000000000e+02 2.928772258669166007e-03
1.280000000000000000e+02 2.518744142455482584e-03
1.360000000000000000e+02 2.577319587628865930e-03
1.440000000000000000e+02 1.757263355201499518e-03
1.520000000000000000e+02 2.753045923149015969e-03
1.600000000000000000e+02 2.811621368322399315e-03
1.680000000000000000e+02 2.255154639175257526e-03
1.760000000000000000e+02 2.284442361761949199e-03
1.840000000000000000e+02 2.694470477975632623e-03
1.920000000000000000e+02 2.138003748828491268e-03
