-2.000000000000000000e+02 1.682587287905444476e-04
-1.920000000000000000e+02 1.859701739263912301e-04
-1.840000000000000000e+02 2.213930641980847952e-04
-1.760000000000000000e+02 2.568159544697783602e-04
-1.680000000000000000e+02 2.686235845603429000e-04
-1.600000000000000000e+02 3.010945673093953301e-04
-1.520000000000000000e+02 3.719403478527824602e-04
-1.440000000000000000e+02 3.940796542725909452e-04
-1.360000000000000000e+02 5.165838164621979096e-04
-1.280000000000000000e+02 5.372471691206858000e-04
-1.200000000000000000e+02 6.656551463555749259e-04
-1.120000000000000000e+02 7.010780366272685452e-04
-1.040000000000000000e+02 8.737646267017746410e-04
-9.600000000000000000e+01 9.578939910970469054e-04
-8.800000000000000000e+01 1.214709945566825374e-03
-8.000000000000000000e+01 1.366733182982843471e-03
-7.200000000000000000e+01 1.684063241666765125e-03
-6.400000000000000000e+01 1.912836074671452622e-03
-5.600000000000000000e+01 2.395472954623277615e-03
-4.800000000000000000e+01 2.884013649620384770e-03
-4.000000000000000000e+01 3.676600819449528119e-03
-3.200000000000000000e+01 4.545937584867341084e-03
-2.400000000000000000e+01 5.748839900343602136e-03
-1.600000000000000000e+01 6.998972736182120478e-03
-8.000000000000000000e+00 8.101510195888582400e-03
0.000000000000000000e+00 9.477099101439350956e-03
8.000000000000000000e+00 9.964163842675136107e-03
1.600000000000000000e+01 1.004829320707040924e-02
2.400000000000000000e+01 9.260133898525226698e-03
3.200000000000000000e+01 7.986385802505579709e-03
4.000000000000000000e+01 6.570946145399156509e-03
4.800000000000000000e+01 5.288342326811585302e-03
5.600000000000000000e+01 3.855191224569316701e-03
6.400000000000000000e+01 2.867778158245858338e-03
7.200000000000000000e+01 2.268540931149708867e-03
8.000000000000000000e+01 1.777048328629960740e-03
8.800000000000000000e+01 1.349021737846996770e-03
9.600000000000000000e+01 1.210282084282863482e-03
1.040000000000000000e+02 9.697016211876114452e-04
1.120000000000000000e+02 8.014428923970670247e-04
1.200000000000000000e+02 7.424047419442443259e-04
1.280000000000000000e+02 6.405639324131253603e-04
1.360000000000000000e+02 5.313433540754035301e-04
1.440000000000000000e+02 4.811609261905042904e-04
1.520000000000000000e+02 4.221227757376817000e-04
1.600000000000000000e+02 3.645605790461796500e-04
1.680000000000000000e+02 3.069983823546776000e-04
1.760000000000000000e+02 3.173300586839215452e-04
1.840000000000000000e+02 2.863350296961896554e-04
1.920000000000000000e+02 2.627197695150606301e-04
